55742.750000 2.847562 1.412380
55743.750000 2.813962 1.407016
55744.750000 2.779585 1.401262
55745.750000 2.744439 1.395120
55746.750000 2.708534 1.388592
55747.750000 2.671878 1.381679
55748.750000 2.634483 1.374384
55749.750000 2.596358 1.366709
55750.750000 2.557514 1.358654
55751.750000 2.517960 1.350224
55752.750000 2.477707 1.341419
55753.750000 2.436766 1.332242
55754.750000 2.395147 1.322695
55755.750000 2.352863 1.312781
55756.750000 2.309923 1.302503
55757.750000 2.266339 1.291863
55758.750000 2.222123 1.280864
55759.750000 2.177286 1.269509
55760.750000 2.131840 1.257801
55761.750000 2.085798 1.245742
55762.750000 2.039171 1.233336
55763.750000 1.991971 1.220586
55764.750000 1.944211 1.207495
55765.750000 1.895904 1.194067
55766.750000 1.847062 1.180305
55767.750000 1.797698 1.166212
55768.750000 1.747825 1.151793
55769.750000 1.697457 1.137051
55770.750000 1.646606 1.121989
55771.750000 1.595285 1.106612
55772.750000 1.543510 1.090923
55773.750000 1.491292 1.074927
55774.750000 1.438646 1.058627
55775.750000 1.385587 1.042029
55776.750000 1.332127 1.025135
55777.750000 1.278281 1.007951
55778.750000 1.224063 0.990480
55779.750000 1.169488 0.972728
55780.750000 1.114571 0.954699
55781.750000 1.059325 0.936397
55782.750000 1.003766 0.917828
55783.750000 0.947908 0.898996
55784.750000 0.891767 0.879905
55785.750000 0.835357 0.860562
55786.750000 0.778693 0.840971
55787.750000 0.721792 0.821136
55788.750000 0.664667 0.801064
55789.750000 0.607335 0.780760
55790.750000 0.549811 0.760228
55791.750000 0.492111 0.739475
55792.750000 0.434250 0.718505
55793.750000 0.376244 0.697324
55794.750000 0.318108 0.675938
55795.750000 0.259860 0.654353
55796.750000 0.201514 0.632573
55797.750000 0.143086 0.610606
55798.750000 0.084594 0.588456
55799.750000 0.026052 0.566130
55800.750000 -0.032522 0.543634
55801.750000 -0.091113 0.520973
55802.750000 -0.149705 0.498154
55803.750000 -0.208280 0.475183
55804.750000 -0.266824 0.452066
55805.750000 -0.325318 0.428810
55806.750000 -0.383747 0.405420
55807.750000 -0.442095 0.381903
55808.750000 -0.500344 0.358266
55809.750000 -0.558478 0.334515
55810.750000 -0.616481 0.310657
55811.750000 -0.674337 0.286697
55812.750000 -0.732028 0.262643
55813.750000 -0.789537 0.238502
55814.750000 -0.846850 0.214279
55815.750000 -0.903948 0.189983
55816.750000 -0.960815 0.165619
55817.750000 -1.017435 0.141194
55818.750000 -1.073791 0.116716
55819.750000 -1.129867 0.092191
55820.750000 -1.185646 0.067626
55821.750000 -1.241111 0.043029
55822.750000 -1.296247 0.018405
55823.750000 -1.351037 -0.006237
55824.750000 -1.405464 -0.030891
55825.750000 -1.459512 -0.055550
55826.750000 -1.513165 -0.080206
55827.750000 -1.566407 -0.104852
55828.750000 -1.619221 -0.129482
55829.750000 -1.671592 -0.154087
55830.750000 -1.723503 -0.178661
55831.750000 -1.774939 -0.203197
55832.750000 -1.825884 -0.227688
55833.750000 -1.876321 -0.252125
55834.750000 -1.926236 -0.276502
55835.750000 -1.975613 -0.300812
55836.750000 -2.024436 -0.325047
55837.750000 -2.072690 -0.349201
55838.750000 -2.120360 -0.373265
55839.750000 -2.167431 -0.397232
55840.750000 -2.213887 -0.421096
55841.750000 -2.259715 -0.444849
55842.750000 -2.304898 -0.468483
55843.750000 -2.349423 -0.491992
55844.750000 -2.393275 -0.515368
55845.750000 -2.436440 -0.538605
55846.750000 -2.478904 -0.561694
55847.750000 -2.520653 -0.584629
55848.750000 -2.561673 -0.607402
55849.750000 -2.601950 -0.630007
55850.750000 -2.641472 -0.652436
55851.750000 -2.680224 -0.674682
55852.750000 -2.718195 -0.696739
55853.750000 -2.755370 -0.718599
55854.750000 -2.791738 -0.740255
55855.750000 -2.827285 -0.761700
55856.750000 -2.862001 -0.782928
55857.750000 -2.895872 -0.803931
55858.750000 -2.928887 -0.824703
55859.750000 -2.961035 -0.845237
55860.750000 -2.992305 -0.865527
55861.750000 -3.022684 -0.885565
55862.750000 -3.052163 -0.905346
55863.750000 -3.080731 -0.924862
55864.750000 -3.108377 -0.944108
55865.750000 -3.135092 -0.963076
55866.750000 -3.160866 -0.981761
55867.750000 -3.185690 -1.000156
55868.750000 -3.209554 -1.018255
55869.750000 -3.232449 -1.036053
55870.750000 -3.254366 -1.053542
55871.750000 -3.275299 -1.070718
55872.750000 -3.295237 -1.087574
55873.750000 -3.314175 -1.104105
55874.750000 -3.332103 -1.120304
55875.750000 -3.349016 -1.136167
55876.750000 -3.364906 -1.151688
55877.750000 -3.379768 -1.166862
55878.750000 -3.393594 -1.181682
55879.750000 -3.406379 -1.196145
55880.750000 -3.418118 -1.210245
55881.750000 -3.428805 -1.223977
55882.750000 -3.438437 -1.237337
55883.750000 -3.447007 -1.250319
55884.750000 -3.454513 -1.262919
55885.750000 -3.460950 -1.275132
55886.750000 -3.466315 -1.286955
55887.750000 -3.470606 -1.298382
55888.750000 -3.473818 -1.309410
55889.750000 -3.475951 -1.320035
55890.750000 -3.477003 -1.330253
55891.750000 -3.476970 -1.340060
55892.750000 -3.475854 -1.349453
55893.750000 -3.473651 -1.358428
55894.750000 -3.470363 -1.366981
55895.750000 -3.465990 -1.375111
55896.750000 -3.460530 -1.382813
55897.750000 -3.453986 -1.390084
55898.750000 -3.446358 -1.396923
55899.750000 -3.437647 -1.403326
55900.750000 -3.427856 -1.409290
55901.750000 -3.416986 -1.414814
55902.750000 -3.405041 -1.419896
55903.750000 -3.392023 -1.424533
55904.750000 -3.377935 -1.428724
55905.750000 -3.362782 -1.432466
55906.750000 -3.346567 -1.435759
55907.750000 -3.329295 -1.438600
55908.750000 -3.310971 -1.440989
55909.750000 -3.291600 -1.442925
55910.750000 -3.271187 -1.444406
55911.750000 -3.249739 -1.445432
55912.750000 -3.227262 -1.446003
55913.750000 -3.203763 -1.446117
55914.750000 -3.179249 -1.445775
55915.750000 -3.153727 -1.444977
55916.750000 -3.127205 -1.443722
55917.750000 -3.099692 -1.442011
55918.750000 -3.071196 -1.439844
55919.750000 -3.041726 -1.437221
55920.750000 -3.011291 -1.434144
55921.750000 -2.979901 -1.430613
55922.750000 -2.947566 -1.426630
55923.750000 -2.914296 -1.422195
55924.750000 -2.880102 -1.417309
55925.750000 -2.844995 -1.411975
55926.750000 -2.808986 -1.406194
55927.750000 -2.772087 -1.399968
55928.750000 -2.734310 -1.393299
55929.750000 -2.695667 -1.386189
55930.750000 -2.656171 -1.378640
55931.750000 -2.615834 -1.370654
55932.750000 -2.574671 -1.362235
55933.750000 -2.532693 -1.353386
55934.750000 -2.489916 -1.344108
55935.750000 -2.446354 -1.334406
55936.750000 -2.402019 -1.324282
55937.750000 -2.356929 -1.313739
55938.750000 -2.311096 -1.302782
55939.750000 -2.264536 -1.291415
55940.750000 -2.217266 -1.279640
55941.750000 -2.169299 -1.267461
55942.750000 -2.120653 -1.254884
55943.750000 -2.071343 -1.241912
55944.750000 -2.021386 -1.228550
55945.750000 -1.970798 -1.214801
55946.750000 -1.919596 -1.200672
55947.750000 -1.867797 -1.186165
55948.750000 -1.815418 -1.171288
55949.750000 -1.762477 -1.156044
55950.750000 -1.708991 -1.140438
55951.750000 -1.654977 -1.124477
55952.750000 -1.600454 -1.108164
55953.750000 -1.545440 -1.091507
55954.750000 -1.489952 -1.074510
55955.750000 -1.434010 -1.057180
55956.750000 -1.377631 -1.039521
55957.750000 -1.320834 -1.021541
55958.750000 -1.263638 -1.003245
55959.750000 -1.206062 -0.984640
55960.750000 -1.148125 -0.965730
55961.750000 -1.089845 -0.946524
55962.750000 -1.031241 -0.927028
55963.750000 -0.972334 -0.907247
55964.750000 -0.913142 -0.887189
55965.750000 -0.853684 -0.866861
55966.750000 -0.793979 -0.846268
55967.750000 -0.734048 -0.825419
55968.750000 -0.673909 -0.804320
55969.750000 -0.613583 -0.782977
55970.750000 -0.553088 -0.761399
55971.750000 -0.492444 -0.739592
55972.750000 -0.431670 -0.717563
55973.750000 -0.370787 -0.695321
55974.750000 -0.309813 -0.672871
55975.750000 -0.248768 -0.650222
55976.750000 -0.187672 -0.627381
55977.750000 -0.126544 -0.604355
55978.750000 -0.065403 -0.581152
55979.750000 -0.004269 -0.557780
55980.750000 0.056839 -0.534246
55981.750000 0.117902 -0.510557
55982.750000 0.178901 -0.486723
55983.750000 0.239816 -0.462749
55984.750000 0.300628 -0.438644
55985.750000 0.361319 -0.414416
55986.750000 0.421869 -0.390072
55987.750000 0.482261 -0.365620
55988.750000 0.542475 -0.341068
55989.750000 0.602492 -0.316424
55990.750000 0.662295 -0.291696
55991.750000 0.721865 -0.266891
55992.750000 0.781184 -0.242017
55993.750000 0.840234 -0.217082
55994.750000 0.898997 -0.192095
55995.750000 0.957456 -0.167062
55996.750000 1.015592 -0.141991
55997.750000 1.073389 -0.116891
55998.750000 1.130828 -0.091768
55999.750000 1.187894 -0.066632
56000.750000 1.244570 -0.041489
56001.750000 1.300837 -0.016347
56002.750000 1.356681 0.008786
56003.750000 1.412084 0.033902
56004.750000 1.467031 0.058994
56005.750000 1.521505 0.084054
56006.750000 1.575491 0.109075
56007.750000 1.628973 0.134049
56008.750000 1.681936 0.158969
56009.750000 1.734365 0.183827
56010.750000 1.786245 0.208615
56011.750000 1.837561 0.233328
56012.750000 1.888298 0.257956
56013.750000 1.938443 0.282493
56014.750000 1.987982 0.306932
56015.750000 2.036900 0.331266
56016.750000 2.085184 0.355487
56017.750000 2.132821 0.379588
56018.750000 2.179798 0.403563
56019.750000 2.226102 0.427405
56020.750000 2.271721 0.451106
56021.750000 2.316641 0.474660
56022.750000 2.360851 0.498061
56023.750000 2.404340 0.521301
56024.750000 2.447095 0.544375
56025.750000 2.489106 0.567274
56026.750000 2.530361 0.589995
56027.750000 2.570849 0.612528
56028.750000 2.610560 0.634870
56029.750000 2.649484 0.657012
56030.750000 2.687611 0.678950
56031.750000 2.724930 0.700678
56032.750000 2.761433 0.722188
56033.750000 2.797110 0.743476
56034.750000 2.831953 0.764535
56035.750000 2.865952 0.785360
56036.750000 2.899099 0.805945
56037.750000 2.931386 0.826285
56038.750000 2.962806 0.846375
56039.750000 2.993350 0.866208
56040.750000 3.023011 0.885780
56041.750000 3.051782 0.905085
56042.750000 3.079657 0.924119
56043.750000 3.106628 0.942876
56044.750000 3.132690 0.961351
56045.750000 3.157837 0.979540
56046.750000 3.182062 0.997438
56047.750000 3.205361 1.015040
56048.750000 3.227728 1.032342
56049.750000 3.249159 1.049340
56050.750000 3.269648 1.066028
56051.750000 3.289191 1.082403
56052.750000 3.307785 1.098461
56053.750000 3.325424 1.114197
56054.750000 3.342107 1.129608
56055.750000 3.357829 1.144690
56056.750000 3.372588 1.159438
56057.750000 3.386380 1.173850
56058.750000 3.399203 1.187922
56059.750000 3.411055 1.201650
56060.750000 3.421933 1.215031
56061.750000 3.431837 1.228062
56062.750000 3.440764 1.240739
56063.750000 3.448714 1.253059
56064.750000 3.455685 1.265021
56065.750000 3.461677 1.276620
56066.750000 3.466689 1.287853
56067.750000 3.470721 1.298719
56068.750000 3.473773 1.309215
56069.750000 3.475845 1.319338
56070.750000 3.476938 1.329085
56071.750000 3.477052 1.338456
56072.750000 3.476190 1.347447
56073.750000 3.474351 1.356056
56074.750000 3.471537 1.364281
56075.750000 3.467751 1.372121
56076.750000 3.462994 1.379574
56077.750000 3.457269 1.386638
56078.750000 3.450577 1.393312
56079.750000 3.442922 1.399594
56080.750000 3.434307 1.405483
56081.750000 3.424734 1.410977
56082.750000 3.414208 1.416075
56083.750000 3.402731 1.420777
56084.750000 3.390308 1.425082
56085.750000 3.376942 1.428987
56086.750000 3.362639 1.432494
56087.750000 3.347403 1.435601
56088.750000 3.331237 1.438307
56089.750000 3.314149 1.440612
56090.750000 3.296141 1.442516
56091.750000 3.277221 1.444019
56092.750000 3.257393 1.445119
56093.750000 3.236664 1.445818
56094.750000 3.215039 1.446116
56095.750000 3.192525 1.446011
56096.750000 3.169129 1.445505
56097.750000 3.144856 1.444599
56098.750000 3.119715 1.443291
56099.750000 3.093711 1.441583
56100.750000 3.066852 1.439476
56101.750000 3.039147 1.436970
56102.750000 3.010601 1.434066
56103.750000 2.981224 1.430765
56104.750000 2.951024 1.427067
56105.750000 2.920008 1.422975
56106.750000 2.888185 1.418488
56107.750000 2.855565 1.413609
